Experiment Name: AD_0.2_ns_Matern52_ls_0.75_w_0.1_n0.0_acq_IVR_q_100
Lengthscale: 0.75
Queries: 100
Weight Acquisition FES: 0.1
Kernel: Matern52
noise: 0.0

RMSD Results:
8.442016
7.692769
7.158934
4.734483
4.846392
4.388059
4.648706
4.457917
4.266447
3.910574
3.598066
4.089709
4.670708
4.713959
4.629250
4.320334
3.198441
3.533600
3.502933
3.535650
3.528134
3.476293
3.353439
3.336940
3.007877
3.012499
3.329436
3.334937
3.361583
3.683537
2.988503
2.187172
2.210585
1.505059
1.477680
1.481819
2.090701
1.951328
1.955369
1.945330
2.010565
2.009559
2.073520
2.048329
1.969476
1.810485
1.574913
1.524079
1.590692
1.621214
1.630875
1.566797
1.755194
1.815717
1.721060
1.708114
1.438184
1.419627
1.411386
1.381058
0.950305
0.963321
0.942907
0.968137
0.960224
0.950398
0.912257
0.931141
0.921264
0.928592
0.949981
0.921880
0.914504
0.885744
0.883248
0.874906
0.860507
0.837143
0.825897
0.831448
0.827266
0.820205
0.834007
0.834579
0.800921
0.709084
0.728776
0.728814
0.735682
0.675924
0.669602
0.676439
0.668399
0.658725
0.633677
0.625788
0.616453
0.591058
0.587669
0.600942
